41.266659842804074
-96.01791453547776
41.26676126383245
-96.01788897067308
41.2667809613049
-96.01789265871048
41.266811387613416
-96.01789844222367
41.26689042896032
-96.01795208640397
41.26694357022643
-96.01815450936556
41.26693761907518
-96.01831049658358
41.26693116500974
-96.01840160787106
41.26693166792393
-96.01850009523332
41.26693426631391
-96.01860587485135
41.26692772842944
-96.01892589591444
41.266930075362325
-96.01900409907103
41.26693334430456
-96.01905061863363
41.26693904399872
-96.01907417178154
41.26694197766483
-96.01908925920725
41.26693611033261
-96.01910795085132
41.26692211255431
-96.01916243322194
41.26689403317869
-96.01919621229172
41.26680962741375
-96.01923326030374
41.26676226966083
-96.01923988200724
41.26671181060374
-96.01924499496818
41.26655993051827
-96.01924164220691
41.266505951061845
-96.01924600079656
41.26640168018639
-96.01924172602594
41.266347113996744
-96.01924113929272
41.26623320393264
-96.01923736743629
41.266117533668876
-96.01923795416951
41.26605508849025
-96.0192371159792
41.2658332195133
-96.0191834717989
41.2656344845891
-96.01917383261025
41.26540917903185
-96.01917073130608
41.26533198170364
-96.01915840990841
41.265251683071256
-96.01917299441993
41.26516886986792
-96.01915715262294
41.264987317845225
-96.01916955783963
41.26489561982453
-96.01915924809873
41.26469763927162
-96.0191697254777
41.26459286548197
-96.01916142739356
41.2643685657531
-96.0191763471812
41.26424920745194
-96.01916025392711
41.26413261517882
-96.01915882900357
41.26389540731907
-96.01919344626367
41.26378451474011
-96.01920367218554
41.2636933196336
-96.01921515539289
41.263628946617246
-96.01921046152711
41.26354789361358
-96.01921817287803
41.26351076178253
-96.01924482733011
41.26340942457318
-96.01947139017284
41.26340406015515
-96.01964833214879
41.26340246759355
-96.01982946507633
41.263400204479694
-96.01992543786764
41.2633999530226
-96.02021017111838
41.26340204849839
-96.0205910447985
41.26339886337519
-96.02078818716109
41.26339718699455
-96.02109144441783
41.26339601352811
-96.02141163311899
41.26338201574981
-96.02162553928792
41.26337992027402
-96.02186744101346
41.26338494941592
-96.02199677377939
41.263387044891715
-96.0222621448338
41.263387966901064
-96.02252718061209
41.2633912358433
-96.02280478924513
41.26338084228337
-96.02307787165046
41.2633637432009
-96.02335304953158
41.26336047425866
-96.02357366122305
41.263359216973186
-96.02370106615126
41.26335787586868
-96.0237334202975
41.26334949396551
-96.02374825626612
41.26334823668003
-96.02374490350485
41.26334823668003
-96.02374490350485
41.26334823668003
-96.02374490350485
41.26334823668003
-96.02374490350485
41.263357205316424
-96.0237304866314
41.26335904933512
-96.02374523878098
41.263368520885706
-96.02379142306745
41.26338302157819
-96.02400549687445
41.26338008791208
-96.02406869642437
41.26336441375315
-96.02429903112352
41.26336659304798
-96.02438762784004
41.26336223445833
-96.02482952177525
41.26335762441158
-96.02490663528442
41.263341614976525
-96.02498835884035
41.263334825634956
-96.02524216286838
41.263341112062335
-96.02540703490376
41.26335829496384
-96.02564223110676
41.26335837878287
-96.0260028205812
41.26335712149739
-96.02614615112543
41.26335569657385
-96.02673430927098
41.263342034071684
-96.02738415822387
41.26334270462394
-96.02747149765491
41.26334236934781
-96.02786536328495
41.26334781758487
-96.02792512625456
41.26335418783128
-96.02799058891833
41.2633550260216
-96.0280713904649
41.26335879787803
-96.02825034409761
41.2633584626019
-96.028349166736
41.26336391083896
-96.0285650845617
41.263359719887376
-96.02880514226854
41.26336047425866
-96.02906045503914
41.26335879787803
-96.02945004589856
41.263359133154154
-96.02957963012159
41.26335896551609
-96.0297099687159
41.26335754059255
-96.03036526590586
41.26336055807769
-96.03062133304775
41.263353265821934
-96.03123639710248
41.263369023799896
-96.03193729184568
41.26337053254247
-96.03271597065032
41.26336818560958
-96.03347713127732
41.263362569734454
-96.03358500637114
41.26337103545666
-96.0343470890075
41.26336625777185
-96.03508335538208
41.263368017971516
-96.035180920735
41.26338033936918
-96.03544922545552
41.26341864466667
-96.03559674695134
41.26338880509138
-96.03577109053731
41.26339299604297
-96.03588407859206
41.26341286115348
-96.03598684072495
41.263443203642964
-96.03602757677436
41.2635466363281
-96.03615623898804
41.26362718641758
-96.03621122427285
41.26367915421724
-96.0362703166902
41.263668928295374
-96.03629395365715
41.26360581256449
-96.03626822121441
41.26356457360089
-96.03624408133328
41.26340531744063
-96.03614123538136
41.26309351064265
-96.03591282851994
41.26278488896787
-96.03558082133532
41.26273308880627
-96.03553958237171
41.2623983155936
-96.03528041392565
41.261900598183274
-96.0349079221487
41.261515114456415
-96.03460734710097
41.261103227734566
-96.0342833865434
41.261035334318876
-96.03425103239715
41.26082235015929
-96.03422094136477
41.2606817856431
-96.0342191811651
41.26045262441039
-96.03423301130533
41.260371236130595
-96.03424374014139
41.259946608915925
-96.0342868231237
41.25986563973129
-96.03430182673037
41.25949666835368
-96.03432839736342
41.25941762700677
-96.03430987335742
41.259201876819134
-96.03424441069365
41.25906240195036
-96.03417601436377
41.25899367034435
-96.03414097800851
41.258864337578416
-96.03407241404057
41.258604414761066
-96.03392162360251
41.258402578532696
-96.03378935717046
41.25833921134472
-96.03372909128666
41.2581639457494
-96.03354603052139
41.25784174539149
-96.03312668390572
41.257464895024896
-96.03263910859823
41.257343608886
-96.03251405060291
41.25727856531739
-96.03246560320258
41.257063234224916
-96.03238245472312
41.25668982043862
-96.03225454688072
41.25654690898955
-96.03216896764934
41.256059166044
-96.03183763101697
41.25598934479058
-96.031792787835
41.25551015138626
-96.03144284337759
41.25544024631381
-96.03139598853886
41.254996759817004
-96.03099583648145
41.2546827737242
-96.03071655146778
41.25415714457631
-96.03031522594392
41.254093358293176
-96.0302578099072
41.25391976907849
-96.03005873970687
41.2538175098598
-96.02990317158401
41.25344694592059
-96.02937653660774
41.25338517129421
-96.0293079726398
41.25299105420709
-96.02897143922746
41.25257447361946
-96.02871822193265
41.252069380134344
-96.02844505570829
41.2520026601851
-96.02838856168091
41.25185354612768
-96.02814548648894
41.25180962495506
-96.02806074544787
41.251684399321675
-96.027802079916
41.251638466492295
-96.02760183624923
41.25163083896041
-96.02739681489766
41.25164022669196
-96.0272996686399
41.25165916979313
-96.02720436640084
41.25176712870598
-96.02693874388933
41.25180585309863
-96.02685023099184
41.251898389309645
-96.02657186798751
41.2519128061831
-96.02637003175914
41.25184575095773
-96.02588966488838
41.251737708225846
-96.02561532519758
41.251669730991125
-96.02543109096587
41.25151793472469
-96.02508516982198
41.25142271630466
-96.02492834441364
41.25131559558213
-96.02477705106139
41.25125281512737
-96.02471049875021
41.25112331472337
-96.02457513101399
41.25080421566963
-96.02428394369781
41.25075384043157
-96.02422686293721
41.25068636611104
-96.02406609803438
41.25065116211772
-96.02398320101202
41.250464245676994
-96.02346519939601
41.25040817074478
-96.02329420857131
41.25030272640288
-96.02305850945413
41.25026358291507
-96.02298106066883
41.25021765008569
-96.0229135863483
41.2500012293458
-96.02266036905348
41.24977198429406
-96.02242081426084
41.2494245544076
-96.0220858734101
41.24928734265268
-96.02199710905552
41.249146442860365
-96.02188881486654
41.248914850875735
-96.0217203386128
41.24875349923968
-96.02159008383751
41.248675463721156
-96.021514730528
41.248542526736856
-96.0213625151664
41.248421827331185
-96.02121910080314
41.248300625011325
-96.0211072023958
41.24813416041434
-96.02095431648195
41.24801899306476
-96.02089027874172
41.24783576466143
-96.02081769146025
41.247375681996346
-96.0207200422883
41.24720309861004
-96.02067729458213
41.24701819382608
-96.0206407494843
41.24652458354831
-96.02053756825626
41.246102219447494
-96.02050580084324
41.245820419862866
-96.02042868733406
41.245693266391754
-96.02037043310702
41.24555488117039
-96.02030019275844
41.24550685286522
-96.02028988301754
41.24535136856139
-96.02026507258415
41.24501684680581
-96.02020614780486
41.244942750781775
-96.02017287164927
41.24472758732736
-96.02006876841187
41.244432125240564
-96.01985243149102
41.2443716917187
-96.01982234045863
41.24424026347697
-96.01979778148234
41.24381488189101
-96.01963609457016
41.243739780038595
-96.01959929801524
41.24352956190705
-96.01947960443795
41.24347139149904
-96.01941959001124
41.24341053888202
-96.01937038823962
41.243284307420254
-96.01929109543562
41.24322605319321
-96.01925480179489
41.24310811981559
-96.01919822394848
41.242895135656
-96.01907651871443
41.242796648293734
-96.01902723312378
41.242700507864356
-96.01900150068104
41.24257419258356
-96.0189414024353
41.242147218436
-96.01874861866236
41.241722758859396
-96.01853379048407
41.24124130234122
-96.01831879466772
41.24111356213689
-96.01828300394118
41.240943409502506
-96.018221732229
41.240874426439404
-96.01819021627307
41.240547113120556
-96.01798410527408
41.2404206302017
-96.01790891960263
41.24007512815297
-96.01773021742702
41.2395189050585
-96.01745864376426
41.23938932083547
-96.01739510893822
41.239282032474875
-96.0173403751105
41.23909712769091
-96.01725890301168
41.238655149936676
-96.01699956692755
41.238420540466905
-96.01688414812088
41.238377541303635
-96.01682153530419
41.238203616812825
-96.01665741764009
41.238075038418174
-96.01673034019768
41.23802005313337
-96.01694382727146
41.23792743310332
-96.01734079420567
41.23788317665458
-96.01747800596058
41.237819474190474
-96.0175290517509
41.23769508674741
-96.01743425242603
41.23742016032338
-96.01724163629115
41.23730080202222
-96.01717525161803
41.2370771728456
-96.01703384891152
41.236888244748116
-96.01688666269183
41.236873073503375
-96.01687434129417
41.23683770187199
-96.01685129106045
41.23683024197817
-96.01685296744108
41.236793361604214
-96.0168226249516
41.23674323782325
-96.01679848507047
41.23674323782325
-96.01679848507047
41.236722534522414
-96.01679664105177
41.23670132830739
-96.0167935397476
41.236675595864654
-96.01679043844342
41.23665187507868
-96.01678381673992
41.23654332943261
-96.01673235185444
41.23640921898186
-96.01665012538433
41.23617117293179
-96.01648860611022
41.23587562702596
-96.01625919342041
41.23568829149008
-96.01610354147851
41.23564495705068
-96.01608443073928
41.235638335347176
-96.01610572077334
41.23563012108207
-96.01612525060773
41.23560832813382
-96.01614142768085
41.2355971802026
-96.01614754647017
41.23558770865202
-96.01613882929087
41.235545380041
-96.01612349040806
41.23553833924234
-96.01612089201808
41.23552459292114
-96.01607185788453
41.23551495373249
-96.0160506516695
41.23552719131112
-96.01601452566683
41.23554001562297
-96.01597948931158
41.23549961484969
-96.01593204773962
41.235503386706114
-96.01593221537769
41.235503386706114
-96.01593221537769
41.235484443604946
-96.01591888815165
41.235479079186916
-96.0159174632281
41.23544538393617
-96.01587672717869
41.235431134700775
-96.01587345823646
41.23537271283567
-96.0158191435039
41.23530624434352
-96.01576910354197
41.23519887216389
-96.01569115184247
41.235092505812645
-96.01560699753463
41.23506601899862
-96.01557523012161
41.23506601899862
-96.01557523012161
41.23506601899862
-96.01557523012161
41.23507012613118
-96.01557908579707
41.23506652191281
-96.01557279936969
41.23500240035355
-96.01551756262779
41.23486049473286
-96.01540214382112
41.234672321006656
-96.01522805169225
41.23446939513087
-96.01505655795336
41.23418692499399
-96.01482588797808
41.23376615345478
-96.01447862572968
41.23327522538602
-96.01406170986593
41.23321454040706
-96.01400672458112
41.23271464370191
-96.01358427666128
41.232614228501916
-96.01349978707731
41.23227761127055
-96.01323818787932
41.232201335951686
-96.01324740797281
41.23198214918375
-96.01334522478282
41.23162432573736
-96.01348855532706
41.23155006207526
-96.01349249482155
41.23127153143287
-96.01339995861053
41.23120564967394
-96.01336115039885
41.23114320449531
-96.01331136189401
41.23096441850066
-96.01314238272607
41.23085277155042
-96.01301447488368
41.23071078211069
-96.01279235444963
41.23050358146429
-96.01250410079956
41.230429988354445
-96.0124571621418
41.230267798528075
-96.01242220960557
41.2301835604012
-96.01242841221392
41.22993755154312
-96.01248482242227
41.22985607944429
-96.01250602863729
41.22977435588837
-96.01252279244363
41.2292012013495
-96.01262915879488
41.22863416559994
-96.01269428618252
41.228478932753205
-96.01271674968302
41.22832671739161
-96.01273569278419
41.227870071306825
-96.01277089677751
41.22726095840335
-96.01280987262726
41.22697471641004
-96.01283091120422
41.226846473291516
-96.01284390315413
41.226690066978335
-96.01289176382124
41.22662368230522
-96.01290358230472
41.22661555185914
-96.01288774050772
41.22657649219036
-96.01286795921624
41.226581018418074
-96.01287508383393
41.22658018022776
-96.01287265308201
41.22657204978168
-96.0128818731755
41.22653206810355
-96.01288723759353
41.22643802314997
-96.01293090730906
41.226355880498886
-96.01296577602625
41.22624163515866
-96.01298974826932
41.22597140260041
-96.0130184981972
41.22557720169425
-96.0130563005805
41.22502793557942
-96.01310139521956
41.224819058552384
-96.01311405189335
41.22427205555141
-96.0131720546633
41.224207263439894
-96.01317741908133
41.224082708358765
-96.0131926741451
41.223906353116035
-96.01320658810437
41.22379696927965
-96.01320281624794
41.22368465177715
-96.01320893503726
41.223634108901024
-96.01320256479084
41.22346680611372
-96.0131873935461
41.22332557104528
-96.0132463183254
41.223233956843615
-96.01324682123959
41.223124070093036
-96.01324112154543
41.222933046519756
-96.01326174102724
41.22280513867736
-96.01327096112072
41.222324101254344
-96.01328646764159
41.221751952543855
-96.01329736411572
41.221678191795945
-96.01330297999084
41.221160693094134
-96.01331261917949
41.22058820910752
-96.013366850093
41.22003332711756
-96.01344052702188
41.2198933493346
-96.01346106268466
41.21932161971927
-96.01348511874676
41.219248780980706
-96.01348335854709
41.21871879324317
-96.01340658031404
41.21856917627156
-96.01338000968099
41.21826633810997
-96.01338118314743
41.21783500537276
-96.01347145624459
41.217762837186456
-96.01347195915878
41.21763442642987
-96.01338034495711
41.21758069843054
-96.01320658810437
41.217597210779786
-96.01292830891907
41.21761498041451
-96.01276536472142
41.21764917857945
-96.0123794618994
41.21765739284456
-96.01197084411979
41.21759947389364
-96.01188995875418
41.21755136176944
-96.01182944141328
41.21746829710901
-96.0118094086647
41.21738154441118
-96.01182189770043
41.217052303254604
-96.01188886910677
41.21697133406997
-96.01189875975251
41.21642718091607
-96.01201719604433
41.215992495417595
-96.01197654381394
41.215531239286065
-96.01197268813848
41.21494073420763
-96.01200059987605
41.21479111723602
-96.01200956851244
41.21426347643137
-96.01201778277755
41.214187955483794
-96.0120081435889
41.21361496858299
-96.01186179555953
41.213537687435746
-96.0118371527642
41.212943494319916
-96.01171494461596
41.21271399781108
-96.01173782721162
41.21231334283948
-96.01177361793816
41.212148386985064
-96.01177906617522
41.211923165246844
-96.01184704340994
41.21157422661781
-96.01200520992279
41.21151136234403
-96.01203538477421
41.21144539676607
-96.01208064705133
41.21132528409362
-96.0121653880924
41.211209781467915
-96.01226546801627
41.2111537065357
-96.0123171005398
41.21098573319614
-96.0124764405191
41.21081457473338
-96.01263754069805
41.21058700606227
-96.01284977048635
41.21012197807431
-96.0132894013077
41.209947215393186
-96.01345662027597
41.20947397314012
-96.01388527080417
41.20900232344866
-96.01432439871132
41.2087688036263
-96.01455582305789
41.20829145424068
-96.0149993095547
41.20817620307207
-96.01511338725686
41.20771687477827
-96.01553902029991
41.20766205713153
-96.01559123955667
41.20732795447111
-96.01589759811759
41.207162495702505
-96.01604428142309
41.206982117146254
-96.0161611251533
41.206852281466126
-96.01619641296566
41.20671481825411
-96.016197334975
41.20650351047516
-96.01617462001741
41.20593421161175
-96.01612960919738
41.20554445311427
-96.01606825366616
41.20540036819875
-96.01597353816032
41.20536734350026
-96.01594998501241
41.20532342232764
-96.01597269997
41.20532484725118
-96.01614293642342
41.20533180423081
-96.01659363135695
41.20532828383148
-96.01712395437062
41.20540916919708
-96.01727256551385
41.205469351261854
-96.0171838849783
41.20550438761711
-96.01713585667312
41.20559482835233
-96.017114399001
41.20570647530258
-96.01710836403072
41.20583270676434
-96.01711825467646
41.206360096111894
-96.01718530990183
41.20656260289252
-96.01719520054758
41.206761756911874
-96.01724297739565
41.20688530616462
-96.0173025727272
41.20703894644976
-96.01745512336493
41.207153191789985
-96.01763315498829
41.20720474049449
-96.0177706182003
41.20729819871485
-96.0180708579719
41.20734496973455
-96.01821787655354
41.20753641240299
-96.01879580877721
41.20761855505407
-96.01908104494214
41.207642778754234
-96.01929805241525
41.20770421810448
-96.01972821168602
41.207799604162574
-96.02034746669233
41.20788828469813
-96.02088860236108
41.207937486469746
-96.02116495370865
41.207994651049376
-96.02152914740145
41.208114763721824
-96.0222571156919
41.20813027024269
-96.02234646677971
41.20827569626272
-96.02306395769119
41.20832816697657
-96.0233311727643
41.20837778784335
-96.02362437173724
41.20841274037957
-96.02365798316896
41.20855548419058
-96.0236697178334
41.20860820636153
-96.02366728708148
41.20901866815984
-96.02366292849183
41.209062756970525
-96.02365890517831
41.20912562124431
-96.02359461598098
41.20911221019924
-96.02339655160904
41.209104834124446
-96.02332446724176
41.20908061042428
-96.02308725938201
41.209085220471025
-96.02300696074963
41.20909167453647
-96.02292808704078
41.209093602374196
-96.02271334268153
41.209059320390224
-96.02268006652594
41.20900634676218
-96.02276028133929
41.209006095305085
-96.02283236570656
41.20899746194482
-96.0230914503336
41.208983631804585
-96.023401748389
41.20897617191076
-96.0237336717546
41.20899888686836
-96.0240632481873
41.209009028971195
-96.02416567504406
41.209074575454
-96.02481652982533
41.20908597484231
-96.02490227669477
41.20910801924765
-96.02507309988141
41.20913819409907
-96.02540703490376
41.20916468091309
-96.02610927075148
41.20925839059055
-96.0267179645598
41.209369199350476
-96.02714410051703
41.20945142582059
-96.02739421650767
41.20964546687901
-96.02797499857843
41.20970405638218
-96.02814045734704
41.209932966157794
-96.0287051461637
41.21024058200419
-96.02920814417303
41.210546772927046
-96.029591280967
41.21095807291567
-96.03010249324143
41.211331402882934
-96.0305392742157
41.21177916415036
-96.03099642321467
41.212045876309276
-96.03122784756124
41.212160624563694
-96.03131979703903
41.21223128400743
-96.03137712925673
41.21252657845616
-96.0315663088113
41.2130531296134
-96.03178130462766
41.21337859891355
-96.0319151636213
41.21350139379501
-96.03196579031646
41.21388151310384
-96.03215765208006
41.21394990943372
-96.03217860683799
41.214151494205
-96.03225245140493
41.21455566957593
-96.03246308863163
41.21475742198527
-96.0325737297535
41.215288834646344
-96.03288092650473
41.215416826307774
-96.03296373970807
41.2159385997802
-96.03327898308635
41.21600892394781
-96.03329767473042
41.216225093230605
-96.0332814976573
41.216413266956806
-96.03338627144694
41.21651200577617
-96.03350755758584
41.21670411899686
-96.03377896361053
41.21708909980953
-96.03433552198112
41.217137379571795
-96.03440567851067
41.217536609619856
-96.03494471870363
41.21759000234306
-96.03500473313034
41.21800247579813
-96.03548660874367
41.218053605407476
-96.03554687462747
41.21843481436372
-96.03605071082711
41.21874553151429
-96.03662294335663
41.218950720503926
-96.03697255253792
41.2190418317914
-96.03710481896996
41.21937987394631
-96.0375433601439
41.21965295635164
-96.03795533068478
41.21972059831023
-96.03800830431283
41.21986652724445
-96.0380888544023
41.21993735432625
-96.03812078945339
41.22000524774194
-96.03814903646708
41.220374554395676
-96.03828515857458
41.22060690075159
-96.03836411610246
41.22066632844508
-96.03837182745337
41.22072760015726
-96.03838096372783
41.22110445052385
-96.03848624043167
41.22132799588144
-96.0385502781719
41.2213765271008
-96.03855078108609
41.22142296284437
-96.03854902088642
41.22160426340997
-96.03854793123901
41.22175991535187
-96.03854927234352
41.22195010073483
-96.03855312801898
41.22209569439292
-96.03855983354151
41.222569439560175
-96.03858598507941
41.22264730744064
-96.03859989903867
41.22309842146933
-96.03872152045369
41.22337301261723
-96.03886174969375
41.22343202121556
-96.03891639970243
41.22369538061321
-96.03907020762563
41.22416845522821
-96.03925980627537
41.22458537109196
-96.03934295475483
41.22511804103851
-96.0395947471261
41.22537142597139
-96.03978266939521
41.225660936906934
-96.04005969129503
41.226012809202075
-96.04054542258382
41.22637767344713
-96.0410485882312
41.226763324812055
-96.04152803309262
41.226814705878496
-96.04160053655505
41.22705669142306
-96.04198643937707
41.22729976661503
-96.04246253147721
41.22743538580835
-96.04291649535298
41.227617440745234
-96.0434023104608
41.227857414633036
-96.04400832206011
41.228124126791954
-96.04461207054555
41.22839704155922
-96.04523811489344
41.228478848934174
-96.04541790671647
41.22876257635653
-96.04603338986635
41.22880306094885
-96.04611997492611
41.228844383731484
-96.04620547033846
41.228967513889074
-96.0464592743665
41.2291457131505
-96.04677124880254
41.229479145258665
-96.04737156070769
41.22951619327068
-96.04744724929333
41.229789862409234
-96.04797128587961
41.22998557984829
-96.04845374822617
41.23020250350237
-96.04902924969792
41.23042160645127
-96.04959452524781
41.23070541769266
-96.0501011274755
41.230983193963766
-96.05050538666546
41.2310401070863
-96.0505607072264
41.231352081522346
-96.05076723732054
41.23153899796307
-96.05088860727847
41.23173002153635
-96.05103252455592
41.23178861103952
-96.05109807103872
41.23189212754369
-96.05125053785741
41.232026405632496
-96.05148900300264
41.23211885802448
-96.05174004100263
41.23213704675436
-96.05182679370046
41.23226302675903
-96.05239240452647
41.23235581442714
-96.05273187160492
41.23238313943148
-96.05278459377587
41.23261406086385
-96.05312204919755
41.23269394040108
-96.05322699062526
41.232911786064506
-96.0534995701164
41.2330484110862
-96.05367827229202
41.23329400084913
-96.05398898944259
41.233714101836085
-96.05451830662787
41.23377093113959
-96.05457060970366
41.233882242813706
-96.05467328801751
41.23397570103407
-96.0548117570579
41.234116768464446
-96.05501342564821
41.23419824056327
-96.05505676008761
41.23425859026611
-96.05493388138711
41.234266720712185
-96.05488350614905
41.234295303002
-96.05460958555341
41.23430837877095
-96.05436181649566
41.23427837155759
-96.0543717071414
41.234270157292485
-96.05443457141519
41.23426026664674
-96.0545252636075
41.23424434103072
-96.05463406071067
41.23420720919967
-96.05487688444555
41.2341552414
-96.05513404123485
41.23414392583072
-96.05519950389862
41.234053652733564
-96.05576972477138
41.23402548953891
-96.05592269450426
41.2340291775763
-96.05590090155602
41.23403110541403
-96.0558720678091
41.23402884230018
-96.05587810277939
41.23402708210051
-96.05589084327221
41.23400403186679
-96.05602277442813
41.233979389071465
-96.05618529953063
41.233945693820715
-96.0564008820802
41.23393706046045
-96.05645444244146
41.23391702771187
-96.0566926561296
41.233950052410364
-96.05669617652893
41.233994057402015
-96.05659928172827
41.234037140384316
-96.05638948269188
41.234064884483814
-96.05632184073329
41.234111320227385
-96.05627171695232
41.23423897661269
-96.05628848075867
41.23436462134123
-96.0563887283206
41.234492445364594
-96.05650490149856
41.23461959883571
-96.0566271096468
41.234979601576924
-96.05699423700571
41.23544462956488
-96.05747535824776
41.23583992011845
-96.05788657441735
41.2362898606807
-96.05835227295756
41.23650887981057
-96.05858755297959
41.236943481490016
-96.05907420627773
41.23699746094644
-96.05913287959993
41.23743709176779
-96.05960109271109
41.23754563741386
-96.05972204357386
41.23774730600417
-96.05998154729605
41.23777714557946
-96.06006260029972
41.23779977671802
-96.06030307710171
41.23781695961952
-96.06037331745028
41.23785342089832
-96.06041992083192
41.237992979586124
-96.0604262072593
41.23803514055908
-96.06040919199586
41.23818710446358
-96.06032822281122
41.23832926154137
-96.06022688560188
41.23840503394604
-96.06017919257283
41.23864400200546
-96.06004910543561
41.23873058706522
-96.06000317260623
41.238873498514295
-96.06007148511708
41.23901263810694
-96.06029595248401
41.239129565656185
-96.06043090112507
41.239361660555005
-96.0606836155057
41.239816630259156
-96.06115660630167
41.23998242430389
-96.06133765541017
41.240422893315554
-96.06180779635906
41.24047737568617
-96.0618676431477
41.24089194461703
-96.06234666891396
41.24094516970217
-96.06241003610194
41.2409991491586
-96.06247399002314
41.24141162261367
-96.06300498358905
41.24170633032918
-96.06346305459738
41.24202190898359
-96.06413855217397
41.24217898584902
-96.06469502672553
41.24224889092147
-96.0652787424624
41.242276886478066
-96.06604660861194
41.24231871217489
-96.06661909259856
41.24233321286738
-96.06671405956149
41.24240906909108
-96.06716902926564
41.242442931979895
-96.06725050136447
41.2426324468106
-96.0675198957324
41.24268902465701
-96.06757303699851
41.242994125932455
-96.06780739501119
41.2433269713074
-96.06816873885691
41.243677753955126
-96.06876024976373
41.243814043700695
-96.06903643347323
41.2438724655658
-96.0691695380956
41.24392141588032
-96.06931513175368
41.2439710367471
-96.06954479590058
41.24402300454676
-96.0699534136802
41.24402870424092
-96.07012826018035
41.24402157962322
-96.07080820016563
41.244026273489
-96.07152845710516
41.244128700345755
-96.07179441489279
41.24428242444992
-96.07199474237859
41.244385773316026
-96.07211376540363
41.24454477801919
-96.07228014618158
41.244809897616506
-96.07254878617823
41.24526495113969
-96.07294483110309
41.24575403518975
-96.07332101091743
41.246165335178375
-96.0736695304513
41.24647043645382
-96.07406892813742
41.24681736342609
-96.07455507852137
41.246866062283516
-96.07462347485125
41.24724777415395
-96.07517802156508
41.24738465063274
-96.07538748532534
41.247582798823714
-96.07576819136739
41.247630743309855
-96.07593557797372
41.24769788235426
-96.07628677971661
41.247700061649084
-96.07636900618672
41.247707940638065
-96.07652901671827
41.24770483933389
-96.07666212134063
41.24769972637296
-96.07671501114964
41.2476974632591
-96.07676262035966
41.247700564563274
-96.0768724232912
41.24771925620735
-96.07706277631223
41.24777181074023
-96.07731079682708
41.24786367639899
-96.07761070132256
41.247993260622025
-96.07792468741536
41.24802435748279
-96.07798612676561
41.24802268110216
-96.0779829416424
41.24803718179464
-96.07801697216928
41.24811471439898
-96.07817899435759
41.24817523173988
-96.07831268571317
41.24826810322702
-96.07853480614722
41.24843532219529
-96.07878039591014
41.24857043847442
-96.07890880666673
41.24871854670346
-96.07899312861264
41.24886372126639
-96.07903009280562
41.24891325831413
-96.07902640476823
41.24901954084635
-96.0790139157325
41.24922489747405
-96.07898315414786
41.249368311837316
-96.078962367028
41.24946277588606
-96.07893722131848
41.24951323494315
-96.07893403619528
41.24956771731377
-96.07893034815788
41.24973217025399
-96.07893370091915
41.2499095313251
-96.07895859517157
41.25015168450773
-96.07904115691781
41.25055770389736
-96.07928473502398
41.25107880681753
-96.07960727065802
41.2511373963207
-96.07964683324099
41.25161658972502
-96.07995017431676
41.25183661468327
-96.08014765195549
41.251937951892614
-96.08026315458119
41.25214255414903
-96.08051779679954
41.252264427021146
-96.08064469881356
41.252399208024144
-96.08077277429402
41.252668434754014
-96.08101224526763
41.25280522741377
-96.08111316338181
41.253077974542975
-96.08126076869667
41.25332834199071
-96.08136034570634
41.253386763855815
-96.08139789663255
41.25344728119671
-96.08143754303455
41.253741569817066
-96.08166930265725
41.25385598279536
-96.08177055604756
41.254329811781645
-96.08213416300714
41.25483440235257
-96.08245460316539
41.2548986915499
-96.0824921540916
41.25542306341231
-96.08279784210026
41.25586587935686
-96.08298383653164
41.25626150518656
-96.08310721814632
41.25667288899422
-96.08327862806618
41.25706340186298
-96.08344551175833
41.25723238103092
-96.083526564762
41.25731787644327
-96.08356512151659
41.25771660357714
-96.08373410068452
41.258100578561425
-96.08389411121607
41.258446583524346
-96.08405219390988
41.25886115245521
-96.08423148281872
41.25933263450861
-96.08444186858833
41.25971878878772
-96.08460363931954
41.260180631652474
-96.08482911251485
41.26054692082107
-96.08499708585441
41.26085529103875
-96.0850665718317
41.26135309226811
-96.08511283993721
41.26167453825474
-96.08521828427911
41.261744778603315
-96.08524502255023
41.26189162954688
-96.0853047017008
41.26221248880029
-96.08541651628911
41.26260660588741
-96.08549404889345
41.26276032999158
-96.08550762757659
41.26314212568104
-96.0855607688427
41.26349433325231
-96.08568607829511
41.263569351285696
-96.08569135889411
41.263700192794204
-96.08570049516857
41.26375140622258
-96.08571658842266
41.26394033432007
-96.08576562255621
41.264029601588845
-96.08579185791314
41.26419883221388
-96.08584432862699
41.26441240310669
-96.08590710908175
41.264620358124375
-96.08602219261229
41.26484968699515
-96.08616066165268
41.26494457013905
-96.08621137216687
41.26511908136308
-96.0862754099071
41.26536190509796
-96.08635453507304
41.26547480933368
-96.08637733384967
41.26556944102049
-96.08640474267304
41.26565300859511
-96.08643986284733
41.26566960476339
-96.0864500887692
41.26566960476339
-96.0864500887692
41.26566960476339
-96.0864500887692
41.26566935330629
-96.08644891530275
41.265675807371736
-96.08645134605467
41.26578795723617
-96.08650742098689
41.265962049365044
-96.08658587560058
41.26618953421712
-96.08671705238521
41.2663340382278
-96.08682576566935
41.26654392108321
-96.08698468655348
41.26705287024379
-96.08733236789703
41.26752954907715
-96.08763512223959
41.26776549965143
-96.08777937479317
41.267944956198335
-96.08788540586829
41.26846513710916
-96.08820668421686
41.268899235874414
-96.08849921263754
41.269075172021985
-96.08858881518245
41.269262256100774
-96.08868286013603
41.26964908093214
-96.08897882513702
41.27005753107369
-96.089274790138
41.270261630415916
-96.08946195803583
41.27041485160589
-96.08955751173198
41.27096453681588
-96.08990452252328
41.271118596196175
-96.09000435099006
41.271647745743394
-96.09034624882042
41.27218862995505
-96.09069057740271
41.27242122776806
-96.0908467322588
41.27295607700944
-96.09119734726846
41.27303092740476
-96.09124789014459
41.273566195741296
-96.09158869832754
41.27378965727985
-96.09174208715558
41.27432752400637
-96.09207845292985
41.274765729904175
-96.09234298579395
41.274828258901834
-96.09238808043301
41.27495155669749
-96.09247567132115
41.27507854253054
-96.09255764633417
41.275590006262064
-96.09286308288574
41.27571674063802
-96.09293810091913
41.27594799734652
-96.0931261908263
41.276411768049
-96.09347311779857
41.276925494894385
-96.09386547468603
41.277356995269656
-96.09419245272875
41.277441484853625
-96.09428775496781
41.27751599997282
-96.09440518543124
41.277655474841595
-96.09463518485427
41.277694534510374
-96.09467541798949
41.277891760692
-96.09477725811303
41.278035175055265
-96.09483182430267
41.27811471931636
-96.09482679516077
41.27818311564624
-96.09480634331703
41.27828889526427
-96.09477943740785
41.27847581170499
-96.09478371217847
41.278620986267924
-96.09483358450234
41.2787863612175
-96.09489359892905
41.27912926487625
-96.0949930921197
41.27950779162347
-96.09508235938847
41.280041467398405
-96.09525427222252
41.28050439991057
-96.09533289447427
41.28070330247283
-96.09532359056175
41.28090019337833
-96.09531939961016
41.28141266293824
-96.09531680122018
41.28188204951584
-96.09539743512869
41.28227608278394
-96.0953914001584
41.282781260088086
-96.09536063857377
41.283259028568864
-96.09532987698913
41.2837025988847
-96.0952724609524
41.28388775512576
-96.09523817896843
41.284009125083685
-96.09525058418512
41.28436845727265
-96.09528746455908
41.2844280526042
-96.09528075903654
41.28448345698416
-96.09526156447828
41.284572975710034
-96.0951738897711
41.28461086191237
-96.09512753784657
41.28464153967798
-96.09507196582854
41.28471437841654
-96.09497833997011
41.28474681638181
-96.09492301940918
41.2848802562803
-96.09470676630735
41.285137413069606
-96.09443770721555
41.285465732216835
-96.0941518843174
41.285507809370756
-96.0941101424396
41.285683661699295
-96.09397418797016
41.28573093563318
-96.09396195039153
41.28583839163184
-96.09399061650038
41.28593855537474
-96.09411584213376
41.2860375456512
-96.09441490843892
41.28611432388425
-96.09469494782388
41.286160591989756
-96.09487247653306
41.28619445487857
-96.0949653480202
41.2862706463784
-96.09511815011501
41.28644557669759
-96.09527824446559
41.28668311983347
-96.09533163718879
41.28680340014398
-96.09534471295774
41.28710330463946
-96.09537748619914
41.287571266293526
-96.09540095552802
41.287998240441084
-96.09538729302585
41.2884724047035
-96.09529081732035
41.28879753872752
-96.09521077014506
41.2888350058347
-96.09520632773638
41.288930643349886
-96.09519031830132
41.28892972134054
-96.09519434161484
41.28892754204571
-96.09519442543387
41.28892754204571
-96.09519442543387
41.28892754204571
-96.09519442543387
41.288925278931856
-96.09519182704389
41.288925278931856
-96.09519182704389
41.288925278931856
-96.09519182704389
41.28892209380865
-96.09519124031067
41.28892209380865
-96.09519124031067
41.28892209380865
-96.09519124031067
41.288922345265746
-96.09519232995808
41.288922345265746
-96.09519232995808
41.288922345265746
-96.09519232995808
41.28892159089446
-96.09519509598613
41.28892159089446
-96.09519509598613
41.28892159089446
-96.09519509598613
41.28890834748745
-96.09519626945257
41.288833161816
-96.0952085070312
41.28874716348946
-96.09520951285958
41.28859452903271
-96.09524530358613
41.288313902914524
-96.09531998634338
41.288152216002345
-96.0953567828983
41.2881095521152
-96.09536700882018
41.288112653419375
-96.09536164440215
41.28810368478298
-96.09535552561283
41.2881148327142
-96.09534286893904
41.288113156333566
-96.095353346318
41.288112653419375
-96.0953522566706
41.288112653419375
-96.0953522566706
41.28811206668615
-96.09535150229931
41.28811206668615
-96.09535150229931
41.28811374306679
-96.09535108320415
41.28811374306679
-96.09535108320415
41.28811374306679
-96.09535108320415
41.2881113961339
-96.09535234048963
41.2881113961339
-96.09535234048963
41.28811198286712
-96.09535410068929
41.288112150505185
-96.09534965828061
41.288112150505185
-96.09534965828061
41.288112150505185
-96.09534965828061
41.28812162205577
-96.0953625664115
41.288116509094834
-96.09536466188729
41.288116509094834
-96.09536466188729
41.288116509094834
-96.09536466188729
41.288116509094834
-96.09536466188729
41.288110138848424
-96.09537019394338
41.288101840764284
-96.09537203796208
41.288068648427725
-96.09537656418979
41.28795079886913
-96.0953781567514
41.28782230429351
-96.0953845269978
41.28779171034694
-96.0953866224736
41.28760823048651
-96.09538704156876
41.28729642368853
-96.09537673182786
41.286980509757996
-96.09536164440215
41.28684648312628
-96.0953556932509
41.28669988363981
-96.09534345567226
41.28654330968857
-96.09529224224389
41.28643149510026
-96.09526005573571
41.2863256316632
-96.09519048593938
41.28627517260611
-96.0951220896095
41.28623493947089
-96.09505268745124
41.286156233400106
-96.09482260420918
41.28612941130996
-96.09475496225059
41.286084819585085
-96.09463719651103
41.286048609763384
-96.09447190538049
41.28603461198509
-96.09442974440753
41.285957330837846
-96.09414651989937
41.28588281571865
-96.09399363398552
41.285831686109304
-96.09396094456315
41.2856834102422
-96.09396471641958
41.28552792593837
-96.09408960677683
41.28542432561517
-96.09418516047299
41.285349475219846
-96.09425959177315
41.28505594097078
-96.09451415017247
41.28501109778881
-96.09456326812506
41.284882100299
-96.09472285956144
41.28475687466562
-96.09491371549666
41.2845210917294
-96.09525972045958
41.284467028453946
-96.09528956003487
41.284289164468646
-96.09529911540449
41.28423166461289
-96.09529266133904
41.283895215019584
-96.09525695443153
41.28377887420356
-96.09526919201016
41.28366228193045
-96.09530137851834
41.28360729664564
-96.09532836824656
41.28342842683196
-96.095358626917
41.28331175073981
-96.09535376541317
41.28283423371613
-96.09535192139447
41.28244338557124
-96.09540363773704
41.2820362765342
-96.09536960721016
41.28166261129081
-96.09535326249897
41.28133496269584
-96.09529039822519
41.28094755113125
-96.09530917368829
41.28050146624446
-96.09531252644956
41.28005487844348
-96.09525477513671
41.27961851656437
-96.09510599635541
41.27923990599811
-96.09500189311802
41.278904462233186
-96.09491036273539
41.278457874432206
-96.09476770274341
41.27839844673872
-96.09476518817246
41.27821144647896
-96.09478798694909
41.27798857167363
-96.094790417701
41.27794221974909
-96.09476745128632
41.27768464386463
-96.0946075245738
41.277537792921066
-96.09437895007432
41.27736512571573
-96.09413956291974
41.27731760032475
-96.09410729259253
41.27705432474613
-96.09391576610506
41.27668007276952
-96.09362189657986
41.27658409997821
-96.09354679472744
41.276280926540494
-96.09334194101393
41.275837859138846
-96.09301529824734
41.27542060799897
-96.09275579452515
41.27500302158296
-96.09249461442232
41.27479054033756
-96.0923560615629
41.2746312841773
-96.09224919229746
41.274257032200694
-96.09201634302735
41.27376342192292
-96.09170252457261
41.273707849904895
-96.09166673384607
41.273596957325935
-96.09159540385008
41.273143915459514
-96.09130622819066
41.27263370901346
-96.09098327346146
41.272128615528345
-96.0906551219523
41.272074887529016
-96.0906236898154
41.27174103632569
-96.09039729461074
41.27135932445526
-96.09016335569322
41.271070567891
-96.08997945673764
41.27069313079119
-96.0897393990308
41.270209243521094
-96.0893995128572
41.27016054466367
-96.08935542404652
41.2699100933969
-96.08913699164987
41.26980481669307
-96.08906633220613
41.26939435489476
-96.08874882571399
41.269055642187595
-96.08856132254004
41.26866353675723
-96.08832160010934
41.26821778714657
-96.08803284354508
41.26775527372956
-96.0877569951117
41.26723676919937
-96.08745524659753
41.267179269343615
-96.0874189529568
41.26679386943579
-96.08715559355915
41.26638885587454
-96.08688519336283
41.26597311347723
-96.0866070818156
41.26548143103719
-96.08636132441461
41.265269285067916
-96.08630793169141
41.265151016414165
-96.0862653516233
41.26509896479547
-96.08624699525535
41.264992179349065
-96.08620441518724
41.26493535004556
-96.08618656173348
41.26488556154072
-96.08616770245135
41.26478531397879
-96.08611053787172
41.26475262455642
-96.08608807437122
41.26475262455642
-96.08608807437122
41.26475262455642
-96.08608807437122
41.264698561280966
-96.08603870496154
41.26454450190067
-96.0859458334744
41.26434023492038
-96.08586595393717
41.26415533013642
-96.08582337386906
41.2639681622386
-96.0857640299946
41.263755932450294
-96.08568901196122
41.26353238709271
-96.08563578687608
41.26334723085165
-96.08555481769145
41.2632686085999
-96.08552874997258
41.26322200521827
-96.08551517128944
41.263107592239976
-96.0854865051806
41.26307255588472
-96.08546672388911
41.26286988146603
-96.08548684045672
41.26282227225602
-96.08549212105572
41.262686820700765
-96.08549329452217
41.262468975037336
-96.08546253293753
41.26218038611114
-96.08540310524404
41.2620703317225
-96.08535809442401
41.26163170672953
-96.08519330620766
41.26153741031885
-96.08515785075724
41.26134739257395
-96.08510202728212
41.26119232736528
-96.08507981523871
41.26072319224477
-96.08503430150449
41.2606661953032
-96.08501435257494
41.260449355468154
-96.08492961153388
41.25989941880107
-96.08467899262905
41.25950530171394
-96.08450322411954
41.259451657533646
-96.08447447419167
41.25892275944352
-96.08423181809485
41.258801221847534
-96.08418328687549
41.25831766985357
-96.08396493829787
41.257748287171125
-96.08370644040406
41.25769388861954
-96.08368263579905
41.25741435214877
-96.0835627745837
41.25706692226231
-96.08341977931559
41.256610276177526
-96.08319531194866
41.25625329092145
-96.08307125978172
41.25575398094952
-96.08290110714734
41.25523874536157
-96.08267035335302
41.25474429689348
-96.08237732201815
41.25468344427645
-96.08233977109194
41.25424641184509
-96.08207012526691
41.25390116125345
-96.0817926004529
41.25344862230122
-96.08141683973372
41.2532820738852
-96.0813004989177
41.253101946786046
-96.08121735043824
41.252834899351
-96.08106538653374
41.252765664830804
-96.08101408928633
41.25230113975704
-96.08062785118818
41.25224280171096
-96.08057077042758
41.25194516032934
-96.0802280344069
41.25174919143319
-96.08002628199756
41.251646261662245
-96.07993827201426
41.25126941129565
-96.07968497090042
41.25087143853307
-96.07945656403899
41.25047530978918
-96.0792216192931
41.25004054047167
-96.07898038811982
41.24970752745867
-96.07891844585538
41.24930243007839
-96.07895038090646
41.24918818473816
-96.07896530069411
41.24897218309343
-96.07897368259728
41.24892440624535
-96.07897041365504
41.24875224195421
-96.07894644141197
41.24858804047108
-96.0788759496063
41.248430544510484
-96.07870764099061
41.24835913069546
-96.07860353775322
41.24824773520231
-96.0783801600337
41.248205825686455
-96.07828469015658
41.248125191777945
-96.07810473069549
41.24800658784807
-96.07784053310752
41.247869711369276
-96.07748807407916
41.247804164886475
-96.07727785594761
41.24776049517095
-96.07710585929453
41.247740210965276
-96.07687569223344
41.24772327952087
-96.07674082741141
41.24773811548948
-96.07655349187553
41.247739205136895
-96.07639029622078
41.247730404138565
-96.07625970616937
41.247712802141905
-96.07618058100343
41.24769503250718
-96.07608469203115
41.24768287874758
-96.07603431679308
41.247580870985985
-96.07573139481246
41.2475626822561
-96.07568118721247
41.24753896147013
-96.07563441619277
41.24743393622339
-96.07545303180814
41.24734567478299
-96.07531162910163
41.24724249355495
-96.07516134157777
41.246946193277836
-96.07473026029766
41.24690545722842
-96.07467334717512
41.24658040702343
-96.07421251013875
41.24632350169122
-96.07385376468301
41.2461693584919
-96.07365687377751
41.246077325195074
-96.07356626540422
41.2456685397774
-96.07324909418821
41.24524877406657
-96.07292396016419
41.24475633725524
-96.07248240150511
41.24440354295075
-96.07209918089211
41.24416675418615
-96.07181126251817
41.24411981552839
-96.0717455483973
41.2440780736506
-96.07167220674455
41.244022753089666
-96.07151186093688
41.24400339089334
-96.07117826119065
41.244029458612204
-96.0705901030451
41.24403700232506
-96.0699896235019
41.243973299860954
-96.06946323998272
41.24389476142824
-96.06915637850761
41.243826784193516
-96.06900944374502
41.243580523878336
-96.06851482763886
41.24348480254412
-96.06835967861116
41.24333845451474
-96.06814795173705
41.24313963577151
-96.06789976358414
41.243029329925776
-96.06780102476478
41.24275247566402
-96.0675960034132
41.24258986674249
-96.06745082885027
41.2424944806844
-96.0673216637224
41.242418540641665
-96.06716877780855
41.24238878488541
-96.06708588078618
41.24236732721329
-96.06699996627867
41.24233606271446
-96.06672956608236
41.24232986010611
-96.06663786806166
41.24232332222164
-96.06654776260257
41.242292560637
-96.06592934578657
41.24227948486805
-96.06517924927175
41.24227462336421
-96.06508612632751
41.24217932112515
-96.06453920714557
41.242005648091435
-96.06401190161705
41.24168378300965
-96.06337320059538
41.24133702367544
-96.06288587674499
41.241086572408676
-96.06255361810327
41.24079706147313
-96.06218892149627
41.24075146391988
-96.06213510967791
41.240706788375974
-96.06208205223083
41.240362375974655
-96.06172481551766
41.23995426110923
-96.06129524298012
41.2394948489964
-96.0607922449708
41.23919477686286
-96.06047155335546
41.23896553181112
-96.06019251979887
41.23893275856972
-96.06013175100088
41.23887291178107
-96.06001993641257
41.238836366683245
-96.05998783372343
41.23880912549794
-96.05998188257217
41.238747015595436
-96.06000702828169
41.238726982846856
-96.06001767329872
41.23868079856038
-96.0600390471518
41.23858113773167
-96.06009160168469
41.23835742473602
-96.06020769104362
41.2380893714726
-96.06035873293877
41.237918213009834
-96.06040634214878
41.23784721828997
-96.06036376208067
41.23780991882086
-96.0603416338563
41.23776557855308
-96.06034792028368
41.23767463490367
-96.06040324084461
41.23758813366294
-96.06047130189836
41.237580589950085
-96.060586636886
41.23757061548531
-96.06081194244325
41.237533148378134
-96.06091093271971
41.23745662160218
-96.06112240813673
41.237475480884314
-96.061358358711
41.23753113672137
-96.06146103702486
41.23764286749065
-96.06168173253536
41.23774194158614
-96.0620806273073
41.23780623078346
-96.0625037457794
41.23781721107662
-96.06257013045251
41.23783095739782
-96.06281572021544
41.23782601207495
-96.06298763304949
41.23782374896109
-96.06304798275232
41.23782215639949
-96.06322919949889
41.23781737871468
-96.06335241347551
41.237829281017184
-96.06368131935596
41.23785593546927
-96.06382884085178
41.23787563294172
-96.06394342146814
41.23787797987461
-96.06418649666011
41.237874794751406
-96.06425086967647
41.23782768845558
-96.0644031688571
41.23781922273338
-96.06454658322036
41.23781243339181
-96.0646204277873
41.23780656605959
-96.06465638615191
41.23780321329832
-96.06481455266476
41.237803967669606
-96.06489401310682
41.237782342359424
-96.06497816741467
41.23774655163288
-96.06509601697326
41.23769483529031
-96.06521512381732
41.23767212033272
-96.06526164337993
41.2376644089818
-96.06527262367308
41.23765602707863
-96.06528100557625
41.23759634792805
-96.06537597253919
41.23758461326361
-96.06540028005838
41.23753784224391
-96.06546264141798
41.23748461715877
-96.0655425209552
41.2373776640743
-96.0656569339335
41.23730884864926
-96.06570672243834
41.23728563077748
-96.06570538133383
41.23724430799484
-96.0657002683729
41.23723232187331
-96.06572021730244
41.23728001490235
-96.06575491838157
41.23736475594342
-96.0656548384577
41.23738990165293
-96.06562851928174
41.23742904514074
-96.06558602303267
41.23746005818248
-96.06554009020329
41.23746441677213
-96.06553522869945
41.23746441677213
-96.06553522869945
41.237461902201176
-96.06553765945137
41.2374365888536
-96.06557462364435
41.23740775510669
-96.0656011942774
41.23736844398081
-96.06564519926906
41.23735654167831
-96.06565718539059
41.237308429554105
-96.06572558172047
41.237291330471635
-96.06574418954551
41.23727414757013
-96.06578182429075
41.23726316727698
-96.06578651815653
41.237232154235244
-96.06574829667807
41.23722997494042
-96.06572985649109
41.23722645454109
-96.06571183539927
41.23721639625728
-96.06568275019526
41.237204326316714
-96.06565835885704
41.23718010261655
-96.06560563668609
41.23716258443892
-96.0655517410487
41.23714833520353
-96.06553623452783
41.237132577225566
-96.06549801304936
41.23707935214043
-96.06543724425137
41.23703082092106
-96.06533800251782
41.237013805657625
-96.06530330143869
41.23697868548334
-96.06524479575455
41.23693937435746
-96.06519140303135
41.23691255226731
-96.06507858261466
41.23690006323159
-96.06506139971316
41.236811298877
-96.06494857929647
41.236786069348454
-96.06490851379931
41.23670132830739
-96.06480407528579
41.2366075348109
-96.06469184160233
41.23648826032877
-96.0646174941212
41.23643369413912
-96.06443904340267
41.236453810706735
-96.06438774615526
41.23652069829404
-96.06426914222538
41.23663536272943
-96.06402045115829
41.23667643405497
-96.06392129324377
41.23671239241958
-96.06381970457733
41.23678229749203
-96.06354217976332
41.236814400181174
-96.06346665881574
41.23685672879219
-96.06340412981808
41.236908277496696
-96.06335635297
41.237065605819225
-96.06328460387886
41.23710097745061
-96.06326113454998
41.237137857824564
-96.06321696192026
41.23714758083224
-96.06320547871292
41.2371514365077
-96.06320681981742
41.2371514365077
-96.06320681981742
41.2371514365077
-96.06320681981742
41.2371514365077
-96.06320681981742
41.2371514365077
-96.06320681981742
41.23714699409902
-96.06320539489388
41.23714699409902
-96.06320539489388
41.23714699409902
-96.06320539489388
41.23714691027999
-96.06321277096868
41.23714691027999
-96.06321277096868
41.23714691027999
-96.06321277096868
41.237143222242594
-96.0632218234241
41.237143222242594
-96.0632218234241
41.23714649118483
-96.0632218234241
41.23714649118483
-96.0632218234241
41.237139366567135
-96.06322492472827
41.237139366567135
-96.06322492472827
41.237139366567135
-96.06322492472827
41.23713810928166
-96.06321235187352
41.23713810928166
-96.06321235187352
41.237136432901025
-96.06321008875966
41.237136432901025
-96.06321008875966
41.237136432901025
-96.06321008875966
41.23713634908199
-96.06320765800774
41.23713634908199
-96.06320765800774
41.23713484033942
-96.06322064995766
41.23713484033942
-96.06322064995766
41.23714406043291
-96.06327529996634
41.23715654946864
-96.0632944945246
41.23715076595545
-96.06329055503011
41.23709427192807
-96.06329013593495
41.237005926668644
-96.06331368908286
41.23695932328701
-96.06333145871758
41.23691724613309
-96.06335710734129
41.23683661222458
-96.06344369240105
41.236804174259305
-96.06350529938936
41.23678145930171
-96.06357721611857
41.236744495108724
-96.0637329518795
41.23669194057584
-96.06389162130654
41.236658496782184
-96.06397409923375
41.236493457108736
-96.06432748027146
41.23644609935582
-96.06440903618932
41.23631911352277
-96.0644739959389
41.23610017821193
-96.06441834010184
41.23603387735784
-96.06440534815192
41.23588526621461
-96.06438875198364
41.23574654571712
-96.06437148526311
41.235535740852356
-96.06434592045844
41.2353986967355
-96.06433435343206
41.23526441864669
-96.06433267705142
41.23519627377391
-96.06433527544141
41.235050428658724
-96.06434466317296
41.234855046495795
-96.06434801593423
41.23479964211583
-96.0643479321152
41.234741723164916
-96.06435405090451
41.23458841815591
-96.06437249109149
41.23445816338062
-96.0643907636404
41.23439412564039
-96.06439881026745
41.23438406735659
-96.06439964845777
41.234383480623364
-96.06439864262938
41.234383480623364
-96.06439864262938
41.234357077628374
-96.06440048664808
41.234282897785306
-96.064392356202
41.23423176817596
-96.06436058878899
41.23417912982404
-96.0643080342561
41.23410972766578
-96.06411701068282
41.23405868187547
-96.06382188387215
41.234030686318874
-96.06363731436431
41.23400076292455
-96.06344109401107
41.23393571935594
-96.06302166357636
41.23390143737197
-96.06280121952295
41.23382482677698
-96.06234842911363
41.23369884677231
-96.06166186742485
41.23365618288517
-96.0614331252873
41.23361418955028
-96.06120589189231
41.23357445932925
-96.06098100543022
41.23353900387883
-96.06075838208199
41.23350773938
-96.06054615229368
41.23346205800772
-96.06013409793377
41.23344018124044
-96.05972263030708
41.23343540355563
-96.05931359343231
41.233438001945615
-96.05910681188107
41.23345694504678
-96.05869425460696
41.23349390923977
-96.05828454717994
41.23362483456731
-96.05742112733424
41.23366297222674
-96.05720277875662
41.23370102606714
-96.05698518455029
41.23377352952957
-96.05655427090824
41.23384393751621
-96.05613869614899
41.23391962610185
-96.05573695152998
41.23399816453457
-96.05534442700446
41.234129928052425
-96.05462132021785
41.234173933044076
-96.05431680567563
41.2341969832778
-96.05403576046228
41.234230510890484
-96.05364734306931
41.234262781217694
-96.05341893620789
41.23427133075893
-96.05331717990339
41.23427879065275
-96.05316362343729
41.23427962884307
-96.05308852158487
41.2342797126621
-96.05307351797819
41.23427870683372
-96.05307175777853
41.234281808137894
-96.05297327041626
41.23430544510484
-96.05283044278622
41.23434224165976
-96.05276439338923
41.23455338180065
-96.05266297236085
41.234658658504486
-96.05265844613314
41.23491137288511
-96.05265408754349
41.23519099317491
-96.0526517406106
41.23563112691045
-96.05264159850776
41.23622490093112
-96.05263623408973
41.23636647127569
-96.0526358988136
41.23664659447968
-96.05263631790876
41.23678866773844
-96.05263665318489
41.237222431227565
-96.05263816192746
41.23750934377313
-96.05264193378389
41.237652422860265
-96.05264109559357
41.23779776506126
-96.05263556353748
41.238086856901646
-96.05262483470142
41.23823278583586
-96.05262248776853
41.238525146618485
-96.05261980555952
41.23866856098175
-96.05261980555952
41.23896502889693
-96.05261360295117
41.239273650571704
-96.05260957963765
41.23943081125617
-96.05260966345668
41.239585457369685
-96.0526065621525
41.23973867855966
-96.05260480195284
41.24034653417766
-96.05260471813381
41.24050050973892
-96.05260287411511
41.24065616168082
-96.05259935371578
41.240809969604015
-96.05259885080159
41.24141137115657
-96.05259373784065
41.241563418880105
-96.05259340256453
41.24217378906906
-96.05259424075484
41.24263563193381
-96.05259876698256
41.242950623854995
-96.0525978449732
41.2432749196887
-96.05259725823998
41.24359477311373
-96.05259926989675
41.24421528540552
-96.05259700678289
41.244522565975785
-96.05259541422129
41.24482951126993
-96.05259516276419
41.24544809572399
-96.05259373784065
41.245602406561375
-96.0525912232697
41.24575462192297
-96.05258862487972
41.24619190581143
-96.0525875352323
41.246460964903235
-96.05258711613715
41.24708600342274
-96.05258191935718
41.24769922345877
-96.05257320217788
41.24780332669616
-96.05257353745401
41.247901897877455
-96.05257303453982
41.24808537773788
-96.05256356298923
41.24825100414455
-96.05255266651511
41.24831940047443
-96.05254990048707
41.24841554090381
-96.05254864320159
41.24868149869144
-96.05254277586937
41.24906941317022
-96.05254579335451
41.24930754303932
-96.05254931375384
41.24956696294248
-96.05255627073348
41.24970015138388
-96.05256062932312
41.24996921047568
-96.0525637306273
41.250239945948124
-96.05255702510476
41.25051101669669
-96.05255115777254
41.25106061808765
-96.05254394933581
41.25147988088429
-96.05253648944199
41.25162195414305
-96.05253556743264
41.25218940898776
-96.0525328014046
41.25261881388724
-96.05254026129842
41.2527640722692
-96.05253816582263
41.253339909017086
-96.05253657326102
41.25348734669387
-96.05253372341394
41.25409360975027
-96.05252928100526
41.25471940264106
-96.05253037065268
41.25534821301699
-96.0525219887495
41.25596025958657
-96.05252140201628
41.25611021183431
-96.05252131819725
41.25639829784632
-96.05252550914884
41.2568290438503
-96.05252115055919
41.25697363168001
-96.05252215638757
41.2572677526623
-96.05252173729241
41.25757059082389
-96.05251654051244
41.25772590748966
-96.05251528322697
41.25834558159113
-96.05250430293381
41.25865621492267
-96.05250631459057
41.25926289707422
-96.05248653329909
41.259563975036144
-96.05248376727104
41.26002196222544
-96.05248594656587
41.26032471656799
-96.0524841863662
41.260782117024064
-96.0524706915021
41.260934164747596
-96.05246524326503
41.26108596101403
-96.05245904065669
41.26123842783272
-96.0524511616677
41.26169222407043
-96.05242274701595
41.26184510998428
-96.05241402983665
41.26214995980263
-96.05240053497255
41.2624191865325
-96.05239533819258
41.262528570368886
-96.05239441618323
41.2626195140183
-96.05239550583065
41.26275354065001
-96.05239818803966
41.262831911444664
-96.05239877477288
41.26283266581595
-96.05239743366838
41.26291832886636
-96.05239584110677
41.26303927972913
-96.05239600874484
41.263162745162845
-96.05236692354083
41.26324572600424
-96.0522180609405
41.26326207071543
-96.0519505944103
41.263266345486045
-96.05178982950747
41.26327782869339
-96.05142689310014
41.2633082550019
-96.05059716850519
41.26331202685833
-96.05016457848251
41.26331554725766
-96.04972838424146
41.26332082785666
-96.04928850196302
41.26331839710474
-96.04884887114167
41.263294173404574
-96.04842524975538
41.263276068493724
-96.04822006076574
41.263255532830954
-96.04802258312702
41.26320943236351
-96.04767573997378
41.263188226148486
-96.04752654209733
41.263168444857
-96.04739234782755
41.26313273794949
-96.04717450216413
41.26311178319156
-96.04703636839986
41.26310532912612
-96.04699353687465
41.26309795305133
-96.0469585005194
41.26309853978455
-96.04696118272841
41.263088984414935
-96.04689027182758
41.26308906823397
-96.04681651107967
41.26310717314482
-96.04672690853477
41.26314363442361
-96.04663060046732
41.263273134827614
-96.04627596214414
41.263302471488714
-96.04581663385034
41.26330381259322
-96.04564840905368
41.263303980231285
-96.04495723731816
41.26330263912678
-96.04439321905375
41.26329526305199
-96.04365024715662
41.26329584978521
-96.04307843372226
41.26329501159489
-96.04268196970224
41.26329643651843
-96.0424772836268
41.26329777762294
-96.04163842275739
41.26329744234681
-96.04142560623586
41.26329987309873
-96.04079042561352
41.263298112899065
-96.0398954898119
41.263296101242304
-96.03912334889174
41.26329601742327
-96.03891187347472
41.26329434104264
-96.03806429542601
41.26329383812845
-96.03764654137194
41.26329283230007
-96.03701957501471
41.26329115591943
-96.0366088617593
41.263288892805576
-96.0359957255423
41.26328998245299
-96.03538015857339
41.26328897662461
-96.03477406315506
41.26328998245299
-96.03437265381217
41.26330289058387
-96.03358500637114
41.263307416811585
-96.03339272551239
41.263310350477695
-96.03263550437987
41.26330724917352
-96.03209386579692
41.263307416811585
-96.0313268378377
41.263308338820934
-96.03112533688545
41.26330817118287
-96.03092207573354
41.26330624334514
-96.03010173887014
41.26330222003162
-96.02969345636666
41.2633013818413
-96.02907529100776
41.26329987309873
-96.02886591106653
41.263299621641636
-96.02845201268792
41.26329928636551
-96.02804850786924
41.263301046565175
-96.0276551451534
41.26330180093646
-96.02746143937111
41.26330263912678
-96.02726991288364
41.26330171711743
-96.02688736282289
41.26329040154815
-96.02632837370038
41.26327590085566
-96.02597516030073
41.263270201161504
-96.02564591914415
41.2632670160383
-96.02535422891378
41.26326450146735
-96.02508994750679
41.26326559111476
-96.02484988979995
41.26326525583863
-96.02473857812583
41.26326508820057
-96.0246351454407
41.26326458528638
-96.02446583099663
41.263265423476696
-96.02440028451383
41.26326559111476
-96.02435292676091
41.26326626166701
-96.02430699393153
41.263265423476696
-96.02429668419063
41.263265423476696
-96.02429668419063
41.263265423476696
-96.02429668419063
41.26326693221927
-96.02427723817527
41.263270201161504
-96.02405377663672
41.26327933743596
-96.02356519550085
41.263281516730785
-96.02341532707214
41.263288808986545
-96.02294879034162
41.26329191029072
-96.02279515005648
41.2632945086807
-96.02263907901943
41.263298531994224
-96.02232467383146
41.26330582424998
-96.02201672270894
41.26330867409706
-96.0217081848532
41.26330817118287
-96.02155714295805
41.2633066624403
-96.02140350267291
41.26330414786935
-96.02109219878912
41.26330515369773
-96.0205022804439
41.26330423168838
-96.01966559886932
41.26332032494247
-96.01942252367735
41.26347329467535
-96.01915237493813
41.263558035716414
-96.01910811848938
41.26365375705063
-96.01908884011209
41.263871435076
-96.01908439770341
41.26398685388267
-96.01908816955984
41.26410646364093
-96.01909596472979
41.26434400677681
-96.01911365054548
41.264586159959435
-96.01912328973413
41.26471004448831
-96.01912203244865
41.26495672389865
-96.01911817677319
41.265207175165415
-96.0191142372787
41.26533390954137
-96.01911457255483
41.26559198834002
-96.0191160812974
41.26596917398274
-96.01911172270775
41.26630386337638
-96.0191108006984
41.2665100581944
-96.01910275407135
41.26660393550992
-96.01910225115716
41.266686329618096
-96.01909973658621
41.26681507565081
-96.01910166442394
41.266884142532945
-96.01909755729139
41.26691875979304
-96.01907702162862
41.26694113947451
-96.01903880015016
41.266943737864494
-96.01890460588038
41.26694013364613
-96.01851451210678
41.26693896017969
-96.0183507297188
41.26693703234196
-96.01821821182966
41.26693124882877
-96.01806348189712
41.26692504622042
-96.01795041002333
41.266905432567
-96.01786960847676
41.26688330434263
-96.0178448818624
41.266853380948305
-96.01782920770347
41.26678749918938
-96.0178139526397
41.26676612533629
-96.01781286299229
41.266671074554324
-96.01781445555389
41.266649113968015
-96.01780330762267
41.26664651557803
-96.017796266824
41.2666274048388
-96.01777321659029
41.2666274048388
-96.01777321659029
