[ 
[ 0.0 ], 
[ 1.5859999656677248 ], 
[ 3.691999912261963 ], 
[ 4.081999778747559 ], 
[ 4.335999965667725 ], 
[ 4.629000186920166 ], 
[ 5.734000205993652 ], 
[ 6.341000080108643 ], 
[ 6.480999946594239 ], 
[ 6.760000228881836 ], 
[ 7.168000221252441 ], 
[ 7.306000232696533 ], 
[ 7.290999889373779 ], 
[ 7.331999778747559 ], 
[ 7.491000175476074 ], 
[ 7.375 ], 
[ 7.5269999504089355 ], 
[ 7.5329999923706055 ], 
[ 7.513000011444092 ], 
[ 7.659999847412109 ], 
[ 7.61299991607666 ], 
[ 7.502999782562256 ], 
[ 7.406000137329102 ], 
[ 7.377999782562257 ], 
[ 7.309000015258789 ], 
[ 7.2789998054504395 ], 
[ 7.560999870300293 ], 
[ 7.453000068664551 ], 
[ 7.322000026702882 ], 
[ 7.414000034332275 ], 
[ 7.203000068664551 ], 
[ 7.10699987411499 ], 
[ 6.880000114440918 ], 
[ 6.818999767303467 ], 
[ 7.1539998054504395 ], 
[ 7.2829999923706055 ], 
[ 7.294000148773194 ], 
[ 7.198999881744386 ], 
[ 7.574999809265137 ], 
[ 7.651000022888184 ], 
[ 7.861999988555908 ], 
[ 7.921999931335449 ], 
[ 8.116999626159668 ], 
[ 8.11400032043457 ], 
[ 8.07699966430664 ], 
[ 7.9730000495910645 ], 
[ 8.020000457763672 ], 
[ 7.869999885559082 ], 
[ 7.7179999351501465 ], 
[ 7.761000156402589 ], 
[ 7.556000232696533 ], 
[ 7.151000022888184 ], 
[ 6.984000205993652 ], 
[ 7.078000068664552 ], 
[ 7.4720001220703125 ], 
[ 7.546000003814697 ], 
[ 7.800000190734863 ], 
[ 8.064000129699707 ], 
[ 8.107999801635742 ], 
[ 8.34000015258789 ], 
[ 8.24899959564209 ], 
[ 8.130000114440918 ], 
[ 7.929999828338623 ], 
[ 7.730999946594239 ], 
[ 7.572999954223634 ], 
[ 7.197000026702881 ], 
[ 7.085999965667725 ], 
[ 7.197000026702881 ], 
[ 7.297999858856201 ], 
[ 7.519000053405762 ], 
[ 7.734000205993652 ], 
[ 7.691999912261963 ], 
[ 7.813000202178955 ], 
[ 7.860000133514404 ], 
[ 7.967999935150147 ], 
[ 7.7220001220703125 ], 
[ 7.817999839782715 ], 
[ 7.66599988937378 ], 
[ 7.724999904632568 ], 
[ 7.436999797821045 ], 
[ 7.304999828338623 ], 
[ 7.36899995803833 ], 
[ 7.375999927520752 ], 
[ 7.5929999351501465 ], 
[ 7.613999843597412 ], 
[ 8.060999870300293 ], 
[ 8.166000366210938 ], 
[ 7.99399995803833 ], 
[ 7.965000152587891 ], 
[ 7.809000015258789 ], 
[ 7.7659997940063485 ], 
[ 7.940999984741211 ], 
[ 8.152999877929688 ], 
[ 8.241000175476074 ], 
[ 8.345000267028809 ], 
[ 8.437000274658203 ], 
[ 8.201000213623047 ], 
[ 7.968999862670898 ], 
[ 7.564000129699707 ], 
[ 6.420000076293945 ], 
[ 4.434000015258789 ], 
[ 4.5229997634887695 ], 
[ 4.895999908447266 ], 
[ 4.855999946594238 ], 
[ 4.888999938964844 ], 
[ 5.067999839782715 ], 
[ 4.808000087738037 ], 
[ 4.4120001792907715 ], 
[ 3.1010000705719 ], 
[ 2.384999990463257 ], 
[ 1.6380000114440918 ], 
[ 0.41600000858306885 ], 
[ 0.5609999895095825 ], 
[ 0.0 ], 
[ 0.0 ], 
[ 0.0 ], 
[ 0.0 ], 
[ 0.0 ], 
[ 0.0 ], 
[ 0.0 ], 
[ 0.0 ], 
[ 0.0 ], 
[ 0.0 ], 
[ 0.0 ], 
[ 0.0 ], 
[ 0.0 ], 
[ 0.0 ], 
[ 0.0 ], 
[ 0.0 ], 
[ 0.0 ], 
[ 0.0 ], 
[ 0.0 ], 
[ 0.0 ], 
[ 0.0 ], 
[ 0.0 ], 
[ 0.0 ], 
[ 0.0 ], 
[ 0.0 ], 
[ 0.0 ], 
[ 0.0 ], 
[ 0.0 ], 
[ 0.0 ], 
[ 0.0 ], 
[ 0.0 ], 
[ 0.0 ], 
[ 0.0 ], 
[ 0.0 ], 
[ 0.0 ], 
[ 0.0 ], 
[ 0.0 ], 
[ 0.0 ], 
[ 0.0 ], 
[ 0.0 ], 
[ 0.0 ], 
[ 0.0 ], 
[ 0.4519999921321869 ], 
[ 0.0 ], 
[ 0.6340000033378601 ], 
[ 0.9909999966621399 ], 
[ 0.0 ], 
[ 0.0 ], 
[ 0.0 ], 
[ 0.37599998712539673 ], 
[ 0.0 ], 
[ 0.0 ], 
[ 0.0 ], 
[ 0.0 ], 
[ 0.0 ], 
[ 0.0 ], 
[ 0.0 ], 
[ 0.0 ], 
[ 0.0 ], 
[ 0.0 ], 
[ 0.0 ], 
[ 0.0 ], 
[ 0.0 ], 
[ 0.0 ], 
[ 0.0 ], 
[ 0.0 ], 
[ 0.0 ], 
[ 0.0 ], 
[ 0.0 ], 
[ 0.0 ], 
[ 0.0 ], 
[ 0.0 ], 
[ 0.0 ], 
[ 0.0 ], 
[ 0.0 ], 
[ 0.0 ], 
[ 0.0 ], 
[ 0.0 ], 
[ 0.0 ], 
[ 0.0 ], 
[ 0.0 ], 
[ 0.0 ], 
[ 0.0 ], 
[ 0.0 ], 
[ 0.0 ], 
[ 0.0 ], 
[ 0.0 ], 
[ 0.0 ], 
[ 0.0 ], 
[ 0.0 ], 
[ 0.39300000667572027 ], 
[ 1.2120000123977661 ], 
[ 0.8360000252723694 ], 
[ 0.0 ], 
[ 0.8809999823570253 ], 
[ 1.2480000257492065 ], 
[ 1.149999976158142 ], 
[ 1.5420000553131104 ], 
[ 3.4749999046325684 ], 
[ 4.065000057220459 ], 
[ 4.757999897003174 ], 
[ 4.099999904632568 ], 
[ 3.13100004196167 ], 
[ 3.1010000705719 ], 
[ 3.1940000057220463 ], 
[ 4.105999946594238 ], 
[ 4.394999980926514 ], 
[ 5.138000011444091 ], 
[ 5.585000038146973 ], 
[ 5.890999794006347 ], 
[ 6.440999984741211 ], 
[ 6.554999828338623 ], 
[ 6.620999813079834 ], 
[ 6.7729997634887695 ], 
[ 6.736000061035156 ], 
[ 6.76800012588501 ], 
[ 6.822999954223633 ], 
[ 6.7129998207092285 ], 
[ 6.633999824523926 ], 
[ 6.892000198364259 ], 
[ 6.581999778747559 ], 
[ 6.269999980926514 ], 
[ 6.395999908447266 ], 
[ 6.466000080108643 ], 
[ 6.704999923706055 ], 
[ 6.683000087738038 ], 
[ 6.711999893188477 ], 
[ 6.736000061035156 ], 
[ 6.790999889373779 ], 
[ 6.994999885559082 ], 
[ 7.263999938964845 ], 
[ 7.248000144958496 ], 
[ 7.40500020980835 ], 
[ 7.5229997634887695 ], 
[ 7.576000213623047 ], 
[ 7.7129998207092285 ], 
[ 7.715000152587891 ], 
[ 7.642000198364258 ], 
[ 7.546000003814697 ], 
[ 7.493000030517578 ], 
[ 7.860000133514404 ], 
[ 8.074000358581543 ], 
[ 7.9050002098083505 ], 
[ 7.83300018310547 ], 
[ 8.050000190734863 ], 
[ 8.121999740600586 ], 
[ 8.125 ], 
[ 8.206999778747559 ], 
[ 8.324000358581543 ], 
[ 8.390000343322754 ], 
[ 8.138999938964844 ], 
[ 8.112000465393066 ], 
[ 8.119999885559082 ], 
[ 8.204999923706055 ], 
[ 7.933000087738038 ], 
[ 7.888000011444092 ], 
[ 8.069000244140625 ], 
[ 8.133000373840332 ], 
[ 8.373000144958496 ], 
[ 8.446999549865723 ], 
[ 8.46500015258789 ], 
[ 8.619000434875488 ], 
[ 8.451000213623047 ], 
[ 8.369000434875488 ], 
[ 8.425999641418457 ], 
[ 8.425000190734863 ], 
[ 8.243000030517578 ], 
[ 8.105999946594238 ], 
[ 8.067000389099121 ], 
[ 8.00100040435791 ], 
[ 7.965000152587891 ], 
[ 7.866000175476074 ], 
[ 7.9070000648498535 ], 
[ 7.804999828338623 ], 
[ 7.732999801635742 ], 
[ 7.789999961853027 ], 
[ 7.921999931335449 ], 
[ 7.952000141143799 ], 
[ 8.024999618530273 ], 
[ 7.835999965667725 ], 
[ 7.945000171661377 ], 
[ 7.974999904632569 ], 
[ 8.041000366210938 ], 
[ 8.114999771118164 ], 
[ 8.121000289916992 ], 
[ 8.119000434875488 ], 
[ 8.00100040435791 ], 
[ 7.919000148773194 ], 
[ 7.956999778747559 ], 
[ 7.870999813079834 ], 
[ 7.814000129699707 ], 
[ 7.78000020980835 ], 
[ 7.74399995803833 ], 
[ 7.915999889373779 ], 
[ 7.789000034332276 ], 
[ 7.684000015258789 ], 
[ 7.695000171661377 ], 
[ 7.755000114440918 ], 
[ 7.7789998054504395 ], 
[ 7.705999851226807 ], 
[ 7.415999889373779 ], 
[ 7.109000205993652 ], 
[ 7.04099988937378 ], 
[ 6.921999931335449 ], 
[ 6.447000026702881 ], 
[ 6.374000072479249 ], 
[ 6.406000137329102 ], 
[ 5.454999923706055 ], 
[ 3.645999908447266 ], 
[ 3.3429999351501465 ], 
[ 1.0399999618530273 ], 
[ 0.6209999918937683 ], 
[ 0.9909999966621399 ], 
[ 0.5809999704360962 ], 
[ 0.0 ], 
[ 0.0 ], 
[ 0.0 ], 
[ 0.0 ], 
[ 0.0 ], 
[ 0.0 ], 
[ 0.0 ], 
[ 0.0 ], 
[ 0.0 ], 
[ 0.0 ], 
[ 0.0 ], 
[ 0.0 ], 
[ 0.0 ], 
[ 0.0 ], 
[ 0.0 ], 
[ 0.0 ], 
[ 0.0 ], 
[ 0.0 ], 
[ 0.0 ], 
[ 0.0 ], 
[ 0.0 ], 
[ 0.0 ], 
[ 0.0 ], 
[ 0.0 ], 
[ 0.0 ], 
[ 0.0 ], 
[ 0.0 ], 
[ 0.0 ], 
[ 0.0 ], 
[ 0.0 ], 
[ 0.0 ], 
[ 0.0 ], 
[ 0.0 ], 
[ 0.0 ], 
[ 0.0 ], 
[ 0.0 ], 
[ 0.0 ], 
[ 0.0 ], 
[ 0.0 ], 
[ 0.0 ], 
[ 0.0 ], 
[ 0.0 ], 
[ 0.0 ], 
[ 0.0 ], 
[ 0.0 ], 
[ 0.0 ], 
[ 0.0 ], 
[ 0.0 ], 
[ 0.0 ], 
[ 0.0 ], 
[ 0.0 ], 
[ 0.0 ], 
[ 0.0 ], 
[ 0.0 ], 
[ 0.0 ], 
[ 0.0 ], 
[ 0.0 ], 
[ 0.0 ], 
[ 0.0 ], 
[ 0.0 ], 
[ 0.0 ], 
[ 0.0 ], 
[ 0.0 ], 
[ 0.0 ], 
[ 0.0 ], 
[ 0.0 ], 
[ 0.0 ], 
[ 0.4129999876022339 ], 
[ 0.0 ], 
[ 0.0 ], 
[ 0.0 ], 
[ 0.0 ], 
[ 0.0 ], 
[ 0.0 ], 
[ 0.0 ], 
[ 0.0 ], 
[ 0.0 ], 
[ 0.0 ], 
[ 0.0 ], 
[ 0.0 ], 
[ 0.0 ], 
[ 0.0 ], 
[ 0.0 ], 
[ 0.0 ], 
[ 0.0 ], 
[ 0.0 ], 
[ 0.0 ], 
[ 0.0 ], 
[ 0.0 ], 
[ 0.0 ], 
[ 0.0 ], 
[ 0.0 ], 
[ 0.0 ], 
[ 0.0 ], 
[ 0.0 ], 
[ 0.0 ], 
[ 0.0 ], 
[ 0.0 ], 
[ 0.0 ], 
[ 0.0 ], 
[ 0.3700000047683716 ], 
[ 0.6380000114440918 ], 
[ 0.6439999938011168 ], 
[ 0.0 ], 
];